6.01034 5.01317 5.11533 5.78324 5.90154 4.36517 4.32498 4.29324 4.37224 4.40915 4.74127 4.44291 4.35364 
6.36205 7.38865 5.23548 5.99139 4.51395 4.47915 4.55147 4.47692 4.59758 4.9297 4.63133 4.54206 
6.62487 5.88412 6.65822 4.46832 4.65466 4.57558 4.54956 4.62837 4.96049 4.66213 4.57286 
6.43996 7.06303 5.06783 4.43042 4.51214 4.43797 4.4694 4.80152 4.50315 4.41388 
9.35129 7.00081 6.43693 5.86851 5.83445 7.28383 7.61595 7.31758 7.22831 
6.32188 5.46274 4.82006 5.59273 3.91883 4.25095 3.95259 3.86332 
6.19944 6.63251 4.32756 3.87743 4.26117 3.96281 3.87354 
5.67909 4.79425 4.38084 4.20456 3.94666 3.8574 
5.66983 4.97251 4.69418 3.87183 3.84634 
5.87757 5.40994 4.60794 3.87127 
6.51693 5.55986 4.93542 
5.92141 4.60648 
5.74879 
5.16851 3.94269 4.17124 5.22337 5.22683 3.60332 3.56356 3.54227 3.23492 3.25379 3.51638 3.26001 3.25993 
5.4411 6.60709 4.19896 5.1676 3.63628 3.58285 3.40806 3.48285 3.32644 3.58902 3.33265 3.33258 
5.60423 4.48197 5.68989 3.53655 3.43086 3.63342 3.50207 3.37736 3.63994 3.38357 3.3835 
5.44311 6.10947 3.60695 3.53604 3.62537 3.51671 3.3919 3.65448 3.39812 3.39804 
8.29279 6.22986 5.67603 5.17804 5.1559 6.32908 6.59167 6.3353 6.33523 
5.48201 4.4927 4.27786 4.90822 2.95379 3.21637 2.96 2.95993 
5.57802 6.21459 3.69897 2.93114 3.25199 2.99562 2.99555 
5.12217 4.37165 3.58424 3.22441 3.0221 3.02202 
4.92444 3.95937 3.75716 2.87379 2.92006 
4.61451 4.27389 3.19511 2.71451 
5.12615 4.54692 3.78357 
4.61321 3.27297 
4.6168 
