9.53387 11.6946 11.7781 6.6246 5.18105 7.48497 8.66441 7.04708 7.81358 8.31141 8.49926 8.43117 8.47902 
12.9326 11.3406 13.2252 6.96581 9.21354 8.93295 10.033 8.69854 10.8625 11.2848 11.0951 10.9315 
15.3005 17.3946 9.81313 10.6971 10.624 8.92162 10.5746 11.2034 11.6211 11.4367 11.2804 
14.9058 13.0205 17.7001 10.0532 8.54369 8.42619 10.1113 10.5316 10.3409 10.1719 
20.7318 12.0269 8.63801 7.40096 7.53493 11.9048 13.6797 13.2733 12.2602 
14.8734 17.9181 14.5129 10.3559 9.27658 9.19576 8.58547 8.3705 
15.8019 15.9168 14.0009 8.88042 8.65441 8.41394 8.18279 
14.5093 13.8413 9.53599 8.20537 7.63912 7.40473 
12.8551 12.0915 10.4056 7.96766 7.40001 
15.1931 15.9444 15.9107 11.3176 
16.4487 16.8157 15.5033 
15.479 15.9039 
14.044 
8.44277 9.90434 10.4194 6.05228 3.86416 6.31739 7.55674 5.83279 6.54503 7.38765 7.7713 7.56877 7.29169 
9.80525 8.52978 8.88977 4.05415 6.30272 6.05504 6.05034 5.70543 6.68997 6.9225 6.76101 6.66736 
11.6309 10.8958 5.58231 7.45194 6.50029 5.83265 7.12162 7.1668 7.3772 7.2198 7.12426 
9.98378 8.15851 9.00337 6.84716 5.40721 5.3197 6.66029 6.89615 6.74344 6.62821 
11.0349 7.38694 5.13263 4.26484 4.5502 6.27029 7.53683 6.89914 6.55244 
10.4857 12.6169 10.7214 7.45617 5.47297 5.37476 4.91405 4.84466 
12.5525 12.1314 10.0681 5.39658 5.28323 5.11684 5.06436 
11.0976 10.0949 6.66549 5.02529 4.59765 4.55943 
8.93095 8.03517 6.71164 4.63646 4.35485 
8.80605 10.0896 8.0234 5.78187 
9.84684 10.535 9.02921 
8.59482 8.17021 
7.97609 
