0.004657 0.012054 0.011982 0.012235 0.011862 0.012143 0.012199 0.012021 0.01189 0.012139 0.011976 0.012125 0.011999 
0.004472 0.012061 0.011997 0.011927 0.012164 0.012131 0.011866 0.012123 0.012122 0.012068 0.012025 0.012172 
0.004471 0.0123 0.012108 0.012064 0.011938 0.012004 0.011861 0.01205 0.012015 0.012037 0.011931 
0.004523 0.011992 0.01228 0.011944 0.012 0.012221 0.012269 0.011834 0.012114 0.012162 
0.004509 0.012126 0.012333 0.012114 0.012085 0.012111 0.012177 0.012019 0.011984 
0.004489 0.012346 0.012152 0.01224 0.011949 0.011917 0.011963 0.012022 
0.004468 0.012111 0.012111 0.011992 0.012022 0.011996 0.01204 
0.004575 0.012131 0.012098 0.012019 0.012071 0.011949 
0.004543 0.011904 0.011949 0.012104 0.012035 
0.004573 0.011907 0.01207 0.012214 
0.004509 0.011994 0.012228 
0.00463 0.01207 
0.004623 
0.004591 0.012182 0.011881 0.012039 0.012127 0.01195 0.012132 0.012145 0.012145 0.012003 0.012048 0.011871 0.011984 
0.004537 0.012055 0.012012 0.012117 0.012135 0.011936 0.012247 0.011901 0.011945 0.012093 0.01189 0.012203 
0.004542 0.011921 0.012167 0.012016 0.012075 0.011791 0.012255 0.012074 0.012174 0.012114 0.012141 
0.004659 0.012069 0.012164 0.012055 0.012148 0.012264 0.012067 0.011825 0.01191 0.012129 
0.004564 0.012301 0.011962 0.012293 0.01196 0.011965 0.012346 0.011838 0.012076 
0.004495 0.012141 0.012006 0.011954 0.012012 0.01203 0.012031 0.012125 
0.004584 0.012096 0.012084 0.011841 0.012026 0.01195 0.012127 
0.004482 0.012109 0.012067 0.01205 0.012037 0.012204 
0.004444 0.012207 0.012068 0.012124 0.01201 
0.004479 0.012146 0.012082 0.012047 
0.004648 0.012104 0.012037 
0.004524 0.012066 
0.004529 
