5.38321 4.2838 4.40399 5.34558 5.57188 4.16045 4.04529 4.01048 3.93082 3.85457 4.08957 3.76795 3.67086 
5.67434 6.62635 4.65995 5.5969 4.26584 4.17359 4.11689 4.02177 3.96151 4.19637 3.87486 3.7777 
6.0161 5.29424 6.19414 4.23031 4.25176 4.17944 4.06635 4.03228 4.26704 3.94553 3.8485 
5.9941 6.74052 4.78067 4.13512 4.18061 4.08761 4.03081 4.26582 3.94414 3.84703 
8.87181 6.81768 6.16604 5.58251 5.56933 6.94146 7.17626 6.8548 6.75774 
6.16071 5.3234 4.70326 5.54779 3.73901 3.97396 3.65233 3.55522 
5.99955 6.61838 4.16323 3.62688 3.9238 3.60222 3.50508 
5.5187 4.6961 4.10324 3.83563 3.57577 3.47871 
5.42855 4.60675 4.28633 3.46461 3.4292 
5.37581 4.80583 3.92877 3.3368 
5.84844 4.7708 4.12699 
5.30355 3.84582 
5.118 
5.3808 4.28439 4.40255 5.34388 5.57043 4.15829 4.04203 4.00748 3.93021 3.85236 4.08972 3.76477 3.66928 
5.67486 6.62737 4.66068 5.59862 4.26301 4.17372 4.11651 4.02193 3.96313 4.20042 3.87548 3.78001 
6.01845 5.29556 6.1936 4.2296 4.25332 4.179 4.06899 4.0337 4.27105 3.94594 3.85072 
5.99011 6.73976 4.78024 4.13294 4.17968 4.08733 4.02978 4.26734 3.94214 3.8468 
8.87264 6.81351 6.16576 5.58168 5.56915 6.94156 7.17882 6.85394 6.75857 
6.15872 5.32413 4.70026 5.5468 3.73778 3.97529 3.65014 3.55487 
5.99888 6.61665 4.16517 3.62728 3.92667 3.60166 3.50626 
5.51578 4.69289 4.10274 3.83697 3.57413 3.47861 
5.42877 4.61107 4.28762 3.4642 3.43072 
5.37608 4.80789 3.93077 3.33801 
5.85367 4.77226 4.12837 
5.30231 3.84819 
5.1199 
