6.93459 7.82751 8.1456 6.11248 4.88164 6.71716 7.57995 5.87285 6.60385 7.00088 7.21628 7.0624 7.0674 
8.53065 7.90958 8.68135 5.34964 7.35491 6.76836 7.15505 5.90198 7.31408 7.53388 7.39654 7.42167 
11.0003 11.9977 6.82852 8.88798 8.01599 6.54154 7.37721 7.98454 8.20812 8.08411 8.12692 
10.928 10.5355 13.8816 8.16735 6.51222 6.43818 8.08033 8.30218 8.17465 8.21371 
15.4512 10.1612 6.46809 5.66614 6.07827 8.75986 9.69144 9.37306 8.84759 
12.4409 13.5824 10.9796 8.77388 7.67373 7.48196 7.00408 7.07824 
12.6563 11.669 9.76476 6.7979 6.62302 6.51579 6.55562 
12.0042 10.1272 7.00084 6.06975 5.70284 5.73274 
9.91845 8.26795 7.22979 5.68187 5.50761 
11.0407 11.0347 9.78635 8.15876 
11.4547 10.8657 9.66882 
11.1575 10.2208 
10.5289 
6.92471 7.83798 8.14841 6.10776 4.88474 6.71069 7.57744 5.86419 6.60445 6.99694 7.21903 7.05708 7.06641 
8.53406 7.90563 8.67544 5.35391 7.33362 6.75826 7.14642 5.89534 7.31467 7.54269 7.39825 7.42766 
11.0119 12.0099 6.82744 8.87883 8.01079 6.54357 7.38445 7.98089 8.21427 8.08092 8.13055 
10.9418 10.5429 13.9014 8.17976 6.51032 6.44028 8.08386 8.31438 8.17604 8.22219 
15.4524 10.1571 6.45915 5.67019 6.0807 8.76299 9.70468 9.37441 8.85015 
12.418 13.5626 10.9673 8.75415 7.66728 7.48221 6.99418 7.07227 
12.6406 11.6359 9.74371 6.79396 6.62378 6.51166 6.55639 
11.9809 10.1172 6.99807 6.07163 5.69863 5.7303 
9.89842 8.27388 7.23858 5.67958 5.50438 
11.0401 11.048 9.80168 8.15981 
11.4746 10.8707 9.66559 
11.153 10.2245 
10.5304 
