8.5752 8.27065 8.73982 5.52895 4.54532 10.2324 13.7054 10.4798 7.88752 6.30713 6.41333 6.25485 6.24523 
9.87105 8.90318 10.2149 6.42687 14.2308 14.71 13.438 9.53078 7.20106 7.06554 6.87144 6.82534 
12.1946 13.725 8.80701 14.3137 13.1171 11.2626 10.6605 7.71713 7.61514 7.42555 7.38037 
13.7045 14.4457 16.9857 13.2088 11.1027 9.47978 7.46358 7.34922 7.14655 7.11036 
15.2623 13.9683 11.8976 8.99591 7.65674 7.71441 8.14247 7.68324 7.25183 
24.3898 32.9612 30.9289 17.9629 11.4848 10.25 9.55229 9.51667 
32.8866 35.0044 29.7665 13.0067 11.3692 11.2004 11.1658 
31.6265 27.9532 14.8907 10.8216 10.1975 10.1573 
21.2909 14.5863 10.2077 8.37131 8.07442 
12.0791 11.4542 8.80026 7.27939 
9.77728 9.78579 8.29332 
8.44849 8.04852 
7.80832 
8.01883 9.04363 9.7182 6.09064 3.66528 8.60366 10.615 8.33887 7.13629 6.43287 6.50801 6.30825 6.19737 
9.60554 8.44106 8.76086 4.12362 6.32183 6.14956 6.13372 5.60332 6.53758 6.80311 6.63176 6.53783 
11.4117 10.7922 5.63712 7.40057 6.49128 5.8543 6.97668 7.04144 7.28097 7.11114 7.01764 
9.90139 8.37841 8.90576 6.81423 5.47953 5.29522 6.61701 6.87943 6.68411 6.58296 
11.0959 7.42995 5.25539 4.35447 4.6327 6.288 7.58051 6.92302 6.52154 
10.4659 12.8479 11.0363 7.51687 5.48273 5.38569 4.90569 4.82092 
12.8374 12.5456 10.312 5.47722 5.35583 5.17513 5.11568 
11.5409 10.3955 6.80745 5.13046 4.68343 4.63382 
9.05687 8.15936 6.78463 4.66994 4.36451 
8.82154 10.1581 8.03337 5.737 
9.9003 10.6345 8.99047 
8.58859 8.19743 
7.88619 
