0.010581 0.0119457 0.0107975 0.00665188 0.0029335 0.0142117 0.0220308 0.01758 0.010541 0.00457287 0.00263214 0.00389194 0.00485039 
0.0108051 0.0131817 0.009408 0.0047493 0.015439 0.0175467 0.014513 0.0124397 0.00583267 0.00312233 0.00496864 0.00575447 
0.0118389 0.0135078 0.00495243 0.0082407 0.0102692 0.00936127 0.00756645 0.00566387 0.00275421 0.00450993 0.00520897 
0.00947475 0.00531292 0.00786018 0.00716019 0.00708389 0.00494194 0.00438595 0.002141 0.0033884 0.00427818 
0.00361061 0.00923347 0.0106525 0.00780392 0.00563049 0.00904465 0.0056181 0.00830269 0.00777531 
0.019865 0.0528564 0.0419035 0.0417747 0.0078001 0.00252056 0.0041151 0.0045681 
0.0293427 0.0776644 0.0351648 0.00911903 0.00303459 0.00620937 0.00724983 
0.0309143 0.0377073 0.0144873 0.00287151 0.00597095 0.00569057 
0.022933 0.0150557 0.00614071 0.00460148 0.00410938 
0.00681686 0.0085659 0.00652027 0.00478172 
0.00319672 0.00696182 0.00472355 
0.00466633 0.00630569 
0.00523663 
0.00256252 0.017314 0.0103207 0.00377464 0.00108147 0.0119095 0.0155249 0.0192423 0.0226641 0.0184946 0.0150671 0.0236444 0.0263767 
0.00191689 0.00143337 0.00938034 0.00125313 0.0102158 0.0170259 0.023119 0.0174332 0.0132332 0.0107937 0.0167503 0.0189362 
0.00157166 0.00626659 0.000704765 0.011466 0.0148163 0.0141048 0.012373 0.0111189 0.00970459 0.0146074 0.0157518 
0.00134659 0.00057888 0.00753117 0.0112219 0.00998306 0.0100508 0.00987434 0.0089674 0.0127401 0.014164 
0.000121117 0.000337601 0.00053215 0.00136471 0.00159645 0.000587463 0.000537872 0.00050354 0.000536919 
0.0012064 0.00684071 0.0104408 0.00436878 0.0140839 0.00986767 0.0149097 0.0196218 
0.00150967 0.00266361 0.0166512 0.021349 0.0112066 0.0183821 0.0235825 
0.00292873 0.0117006 0.00765419 0.0150986 0.0189714 0.0246382 
0.00291348 0.00564194 0.00888348 0.0256701 0.0208464 
0.00240326 0.00823593 0.0238256 0.0475931 
0.00198364 0.00808048 0.0148239 
0.00281429 0.0311441 
0.00293446 
