20 16 16 14 20 16 24 18 14 14 15 14 14 
20 17 17 20 16 16 16 20 14 15 14 14 
24 20 20 24 14 14 24 14 15 14 14 
24 24 24 24 14 16 16 17 16 16 
29 24 20 20 20 28 29 28 28 
24 24 24 20 16 17 16 16 
24 24 21 14 15 14 14 
24 21 16 15 14 14 
20 17 17 14 14 
22 21 20 20 
23 21 21 
22 20 
22 
20 16 16 14 20 16 24 18 14 14 15 14 14 
20 17 17 20 16 16 16 20 14 15 14 14 
24 20 20 24 14 14 24 14 15 14 14 
24 24 24 24 14 16 16 17 16 16 
29 24 20 20 20 28 29 28 28 
24 24 24 20 16 17 16 16 
24 24 21 14 15 14 14 
24 21 16 15 14 14 
20 17 17 14 14 
22 21 20 20 
23 21 21 
22 20 
22 
