5.62923 4.42675 4.4516 4.91044 5.54507 5.29835 5.44694 5.27399 4.57379 3.85228 3.88653 3.57997 3.53118 
5.80448 6.08037 4.83 5.68186 5.35274 5.41665 5.07063 4.66752 3.96861 4.0018 3.69582 3.64745 
6.20302 5.39093 6.01172 5.09583 5.10085 5.05409 4.63768 3.97139 4.00332 3.69833 3.65009 
6.12675 6.58763 5.16721 4.96354 5.04075 4.65567 3.89126 3.9219 3.61743 3.56867 
7.94136 7.26897 6.98243 6.17124 5.88381 6.59105 6.62088 6.316 6.26791 
7.32232 7.14024 6.61889 6.80701 4.43253 4.46023 4.15666 4.10791 
7.88741 8.87899 5.96239 4.56038 4.70024 4.39535 4.34604 
7.50452 6.4982 5.15357 4.6078 4.36374 4.31455 
6.80927 5.2253 4.6048 3.9415 3.92529 
5.43633 4.51029 3.52253 3.1787 
5.5172 4.08396 3.5993 
4.95456 3.26205 
4.86156 
5.01073 3.80543 4.01486 5.17079 5.21256 3.57692 3.58063 3.54799 3.19026 3.17842 3.44037 3.17579 3.15156 
5.338 6.48784 4.09575 5.19899 3.64297 3.61604 3.43038 3.45598 3.30756 3.56871 3.30684 3.28336 
5.52074 4.39619 5.62876 3.52235 3.44571 3.64124 3.49733 3.36524 3.62566 3.3652 3.34257 
5.35064 6.04546 3.52006 3.51459 3.63466 3.49834 3.35279 3.61336 3.35114 3.32834 
8.26434 6.20349 5.7355 5.26066 5.20636 6.37671 6.63434 6.37429 6.35373 
5.39667 4.47769 4.28094 4.91737 2.95923 3.21877 2.95685 2.93604 
5.56159 6.19809 3.70137 2.96966 3.3007 3.04181 3.02062 
5.13569 4.36452 3.53839 3.27186 3.0816 3.0636 
4.86953 3.91071 3.70599 2.88103 2.93201 
4.53562 4.08711 3.12437 2.68776 
4.9795 4.36587 3.65299 
4.61386 3.21439 
4.57345 
