7.73382 7.82436 8.22811 5.44591 4.51448 9.5815 12.7895 9.76212 7.49903 6.24324 6.3769 6.28719 6.29478 
8.98087 8.34912 9.54183 6.20936 13.2582 13.5023 12.4987 9.12306 7.14776 7.06139 6.94356 6.93283 
11.3266 12.9786 7.75585 13.6395 12.2035 10.5459 10.3218 7.66838 7.59687 7.4953 7.48834 
11.4521 12.6216 15.9246 12.2389 10.5413 9.23543 7.42765 7.30765 7.20832 7.19702 
13.6413 12.3063 10.2845 8.38628 7.53941 7.57563 7.98898 7.65947 7.28379 
18.7621 27.562 24.8644 16.7872 10.934 9.81326 9.28123 9.2802 
27.1356 28.3911 21.8203 11.7166 10.496 10.3933 10.3863 
28.2133 22.5079 12.1745 10.0937 9.58564 9.56974 
19.796 11.8126 8.80011 8.04548 7.77689 
11.8506 9.99252 8.13893 7.23213 
10.4125 8.9798 7.87261 
9.65327 7.91192 
9.15882 
7.30116 8.13919 8.57489 5.97578 3.63357 8.35921 10.1241 7.93135 6.97769 6.3254 6.39156 6.30338 6.22145 
8.82506 7.80229 8.12043 4.08782 6.41433 6.14297 6.1392 5.71376 6.58231 6.81063 6.7745 6.72119 
10.827 10.0945 4.98853 7.43948 6.49884 5.91238 7.11308 7.11712 7.31807 7.29799 7.262 
9.27805 7.45977 8.30349 6.75103 5.56925 5.31707 6.62119 6.83502 6.78316 6.72913 
10.8377 7.22024 5.12784 4.36519 4.71355 6.34105 7.53308 7.1027 6.74949 
9.59295 11.8697 10.1801 7.45057 5.53653 5.37316 5.03755 5.01927 
11.4658 11.1295 9.1499 5.40342 5.35766 5.33077 5.33919 
11.0391 9.43361 6.04843 5.08883 4.89984 4.92755 
8.59119 7.26656 6.09354 4.76034 4.66527 
8.2032 8.57384 7.09638 5.74613 
8.76617 9.35896 8.10963 
8.77193 7.90945 
8.13215 
