0.00930691 0.0112009 0.00950623 0.00636959 0.00277901 0.0137424 0.021698 0.0168514 0.0098877 0.00401878 0.00270939 0.00373173 0.00454712 
0.00998402 0.0124683 0.00949669 0.00503445 0.0152349 0.0170908 0.0137959 0.0123701 0.00574398 0.00291157 0.00483704 0.00520325 
0.0107374 0.0130768 0.00534439 0.00838757 0.0103188 0.00874805 0.00738239 0.00517464 0.00255775 0.00438023 0.00496674 
0.00889301 0.00534821 0.00763798 0.0069952 0.00666618 0.0045948 0.00358391 0.00186062 0.00314331 0.00398254 
0.0038662 0.00919151 0.0103741 0.00756454 0.00497532 0.00872612 0.00512218 0.00770187 0.00715637 
0.0223455 0.0571737 0.0468493 0.0388498 0.0080595 0.00228882 0.00416088 0.00444126 
0.0306644 0.0822172 0.0390892 0.00940609 0.00291348 0.00571823 0.00603008 
0.0304623 0.0428181 0.0155392 0.0028429 0.00591087 0.0057354 
0.0200691 0.0162334 0.00666332 0.00487328 0.00396824 
0.00626373 0.00881195 0.00650215 0.0048008 
0.00323868 0.00689888 0.00440311 
0.0041256 0.00590324 
0.0047493 
0.00265026 0.0169706 0.00981522 0.00433159 0.00133324 0.0118093 0.0148907 0.0187664 0.0232592 0.0185928 0.0150356 0.0234537 0.0271111 
0.00200367 0.00166035 0.0101051 0.00147343 0.0102701 0.0157928 0.023428 0.0174341 0.013483 0.0102015 0.0170555 0.018981 
0.00171661 0.00636768 0.000850677 0.0116653 0.015419 0.0133486 0.0124121 0.0107775 0.00948715 0.0147266 0.0160418 
0.00149441 0.000590324 0.00624943 0.0110178 0.0100632 0.0098896 0.0100174 0.00876808 0.0125504 0.0139437 
0.000108719 0.000572205 0.000660896 0.00137615 0.00175381 0.000775337 0.000758171 0.000743866 0.000707626 
0.00129414 0.00637341 0.0103092 0.00462723 0.014617 0.00968647 0.0162601 0.0215435 
0.00154781 0.00246239 0.015913 0.0213165 0.0112095 0.0190229 0.0242882 
0.00292683 0.0103331 0.00706673 0.0152321 0.0201826 0.0257959 
0.00299263 0.00503731 0.00879955 0.0252943 0.0217552 
0.00215626 0.00710964 0.0228977 0.0476809 
0.00184822 0.00743675 0.0134649 
0.00316715 0.030365 
0.00322342 
