5.71342 4.43222 4.45457 4.87826 5.54626 5.38154 5.57752 5.38882 4.62376 3.85646 3.8642 3.54262 3.48803 
5.86175 6.04891 4.84384 5.70437 5.43141 5.53528 5.15771 4.70892 3.97055 3.97829 3.65671 3.60212 
6.23708 5.39701 6.05873 5.16169 5.18619 5.12686 4.67146 3.96803 3.97577 3.65419 3.5996 
6.23368 6.65936 5.23271 5.05206 5.10874 4.684 3.88358 3.89133 3.56975 3.51515 
8.21251 7.42109 7.17414 6.25043 5.90765 6.60997 6.61771 6.29614 6.24154 
7.76101 7.52461 7.03643 6.92718 4.50965 4.51739 4.19581 4.14122 
8.27818 9.3921 6.44621 4.68866 4.80733 4.48576 4.43116 
7.80504 6.914 5.4458 4.70289 4.44087 4.38628 
6.96345 5.52155 4.75253 3.97796 3.95348 
5.45393 4.66362 3.57911 3.17792 
5.4438 4.12711 3.61015 
4.79035 3.24547 
4.67889 
5.0901 3.88538 4.12124 5.18246 5.21727 3.58335 3.58244 3.55527 3.20012 3.18505 3.45026 3.1787 3.16129 
5.41096 6.56089 4.13767 5.2024 3.63858 3.61467 3.42538 3.44751 3.30349 3.5687 3.29714 3.27973 
5.56209 4.44672 5.68088 3.53069 3.44255 3.62721 3.48896 3.36248 3.62769 3.35613 3.33872 
5.38983 6.11869 3.55902 3.51083 3.62735 3.49792 3.35359 3.61879 3.34723 3.32983 
8.34927 6.221 5.75178 5.25311 5.19747 6.36382 6.62903 6.35747 6.34006 
5.47946 4.55544 4.34161 4.92227 2.95708 3.22228 2.95072 2.93332 
5.65583 6.31054 3.76847 2.9716 3.29624 3.02468 3.00727 
5.21111 4.45593 3.62067 3.27119 3.05408 3.03667 
4.95106 4.00723 3.78068 2.8726 2.90328 
4.61579 4.26748 3.20038 2.68619 
5.13239 4.52743 3.74531 
4.58892 3.24938 
4.55806 
