5.2565 4.4003 4.7494 5.5795 5.8276 4.3237 4.3785 4.4098 3.9825 4.0526 4.3166 4.0734 4.1593 
0.0000 5.6965 7.2550 4.8183 5.8937 4.4692 4.5124 4.3170 4.4504 4.0870 4.2517 4.0129 4.0838 
0.0000 0.0000 5.9213 5.1940 6.6195 4.2938 4.3524 4.7791 4.3653 4.1178 4.4358 4.0646 4.2028 
0.0000 0.0000 0.0000 5.7199 6.8110 4.3437 4.3497 4.3774 4.0103 3.7830 4.1098 3.8163 4.1241 
0.0000 0.0000 0.0000 0.0000 9.1433 7.4042 6.4848 5.9144 5.8344 6.9713 7.2487 7.0104 6.8134 
0.0000 0.0000 0.0000 0.0000 0.0000 5.9962 5.4012 5.2813 5.7160 3.6911 3.9029 3.5535 3.6723 
0.0000 0.0000 0.0000 0.0000 0.0000 0.0000 6.1973 7.0861 4.7157 3.6983 3.9315 3.7566 3.6449 
0.0000 0.0000 0.0000 0.0000 0.0000 0.0000 0.0000 5.7846 5.2667 4.3485 4.0040 3.7535 3.6431 
0.0000 0.0000 0.0000 0.0000 0.0000 0.0000 0.0000 0.0000 5.3760 4.6991 4.4621 3.4574 3.4314 
0.0000 0.0000 0.0000 0.0000 0.0000 0.0000 0.0000 0.0000 0.0000 4.9926 4.8865 3.8140 3.2059 
0.0000 0.0000 0.0000 0.0000 0.0000 0.0000 0.0000 0.0000 0.0000 0.0000 5.7086 4.9950 4.2025 
0.0000 0.0000 0.0000 0.0000 0.0000 0.0000 0.0000 0.0000 0.0000 0.0000 0.0000 4.9878 3.7211 
0.0000 0.0000 0.0000 0.0000 0.0000 0.0000 0.0000 0.0000 0.0000 0.0000 0.0000 0.0000 4.8319 
5.3080 4.4253 4.7402 5.5857 5.8425 4.3123 4.3715 4.4028 4.0259 4.1098 4.2836 4.0010 4.1878 
0.0000 5.7586 7.2924 4.8083 5.8753 4.4365 4.4839 4.3102 4.4656 4.0615 4.3360 3.9637 4.0091 
0.0000 0.0000 6.0035 5.1346 6.7392 4.3135 4.3683 4.7242 4.3508 4.0987 4.3926 4.0547 4.2048 
0.0000 0.0000 0.0000 5.7019 6.7892 4.3712 4.3458 4.3770 4.0146 3.8556 4.1708 3.8304 4.0019 
0.0000 0.0000 0.0000 0.0000 9.2179 7.2526 6.4391 5.8243 5.8208 7.0140 7.3373 7.0188 6.8522 
0.0000 0.0000 0.0000 0.0000 0.0000 5.9396 5.3895 5.2947 5.7221 3.7062 3.9345 3.6112 3.5997 
0.0000 0.0000 0.0000 0.0000 0.0000 0.0000 6.2122 7.0908 4.6368 3.7452 4.0013 3.7321 3.6154 
0.0000 0.0000 0.0000 0.0000 0.0000 0.0000 0.0000 5.8440 5.3366 4.3312 3.9725 3.7299 3.6510 
0.0000 0.0000 0.0000 0.0000 0.0000 0.0000 0.0000 0.0000 5.3798 4.7292 4.4796 3.4955 3.4609 
0.0000 0.0000 0.0000 0.0000 0.0000 0.0000 0.0000 0.0000 0.0000 5.0053 4.8226 3.7940 3.2138 
0.0000 0.0000 0.0000 0.0000 0.0000 0.0000 0.0000 0.0000 0.0000 0.0000 5.7475 4.9394 4.2162 
0.0000 0.0000 0.0000 0.0000 0.0000 0.0000 0.0000 0.0000 0.0000 0.0000 0.0000 4.9323 3.7306 
0.0000 0.0000 0.0000 0.0000 0.0000 0.0000 0.0000 0.0000 0.0000 0.0000 0.0000 0.0000 4.8211 
