./bin/cribbage
1) 31 in 33
2) 31 in 74
3) 31 in 120
4) 31 in 176
5) 31 in 245
6) 31 in 310
7) 31 in 390
8) 31 in 475
9) 31 in 570
10) 31 in 666
11) 31 in 770
12) 31 in 888
13) 31 in 1020
14) 31 in 1147
15) 31 in 1300
16) 31 in 1450
17) 31 in 1617
18) 31 in 1771
19) 31 in 1976
20) 31 in 2175
21) 31 in 2392
22) 31 in 2590
23) 31 in 2842
24) 31 in 3069
25) 31 in 3330
26) 31 in 3591
27) 31 in 3861
28) 31 in 4185
29) 31 in 4437
30) 31 in 4774
31) 31 in 5083
32) 31 in 5474
33) 31 in 5814
34) 31 in 6188
35) 31 in 6612
36) 31 in 7018
37) 31 in 7436
38) 31 in 7905
39) 31 in 8379
40) 31 in 8855
41) 31 in 9338
42) 31 in 9867
43) 31 in 10478
44) 31 in 10952
45) 31 in 11532
46) 31 in 12138
47) 31 in 12789
48) 31 in 13455
49) 31 in 14161
50) 31 in 14812
51) 31 in 15675
52) 31 in 16354
53) 31 in 17204
54) 31 in 18009
55) 31 in 18850
56) 31 in 19684
57) 31 in 20615
58) 31 in 21505
59) 31 in 22533
60) 31 in 23606
61) 31 in 24633
62) 31 in 25641
63) 31 in 26877
64) 31 in 27951
65) 31 in 29302
66) 31 in 30525
67) 31 in 31635
68) 31 in 32955
69) 31 in 34447
70) 31 in 35853
71) 31 in 37444
72) 31 in 38962
73) 31 in 40641
74) 31 in 42050
75) 31 in 44030
76) 31 in 45747
77) 31 in 47619
78) 31 in 49197
79) 31 in 51243
80) 31 in 53391
81) 31 in 55315
82) 31 in 57681
83) 31 in 59823
84) 31 in 62031
85) 31 in 64158
86) 31 in 66785
87) 31 in 69575
88) 31 in 72075
89) 31 in 74613
90) 31 in 77469
91) 31 in 80631
92) 31 in 83421
93) 31 in 86583
94) 31 in 89590
95) 31 in 93093
96) 31 in 96715
97) 31 in 100130
98) 31 in 103341
99) 31 in 107387
100) 31 in 111265
101) 31 in 115995
102) 31 in 120213
103) 31 in 124355
104) 31 in 128673
105) 31 in 133331
106) 31 in 138069
107) 31 in 142805
108) 31 in 147741
109) 31 in 153425
110) 31 in 158565
111) 31 in 164255
112) 31 in 170810
113) 31 in 176638
114) 31 in 182590
115) 31 in 189805
116) 31 in 196581
117) 31 in 203665
118) 31 in 211071
119) 31 in 218855
120) 31 in 227069
121) 31 in 235011
122) 31 in 243386
123) 31 in 251459
124) 31 in 260710
125) 31 in 270215
126) 31 in 279841
127) 31 in 290966
128) 31 in 303485
129) 31 in 313131
130) 31 in 324415
131) 31 in 336226
132) 31 in 347633
133) 31 in 361361
134) 31 in 375751
135) 31 in 389499
136) 31 in 403535
137) 31 in 418035
138) 31 in 432419
139) 31 in 449735
140) 31 in 466697
141) 31 in 486098
142) 31 in 506447
143) 31 in 527065
144) 31 in 544011
145) 31 in 565915
146) 31 in 585599
147) 31 in 608855
148) 31 in 637143
149) 31 in 658489
150) 31 in 690897
151) 31 in 713545
152) 31 in 746697
153) 31 in 776815
154) 31 in 812045
155) 31 in 839523
156) 31 in 880555
157) 31 in 914641
158) 31 in 954845
159) 31 in 997165
160) 31 in 1040763
161) 31 in 1087541
162) 31 in 1135234
163) 31 in 1195061
164) 31 in 1255501
165) 31 in 1310133
166) 31 in 1374365
167) 31 in 1437293
168) 31 in 1512118
169) 31 in 1586899
170) 31 in 1681691
171) 31 in 1760213
172) 31 in 1852201
173) 31 in 1952194
174) 31 in 2055579
175) 31 in 2183555
176) 31 in 2312167
177) 31 in 2442583
178) 31 in 2592629
179) 31 in 2760953
180) 31 in 2937874
181) 31 in 3130231
182) 31 in 3346109
183) 31 in 3604711
184) 31 in 3816131
185) 31 in 4131833
186) 31 in 4458389
187) 31 in 4821877
188) 31 in 5258773
189) 31 in 5756645
190) 31 in 6247789
191) 31 in 6958627
192) 31 in 7795229
193) 31 in 8773921
194) 31 in 9945637
195) 31 in 11473589
196) 31 in 13598129
197) 31 in 16593649
198) 31 in 22186421
199) 31 in 40783879
200) 5 remaining
