0.0098877 0.0118532 0.0106077 0.00710583 0.00288391 0.0131388 0.0211754 0.0162792 0.00999451 0.00422764 0.00282574 0.0039463 0.00495529 
0.0104609 0.0137997 0.00977707 0.00518417 0.0144682 0.0167065 0.0138264 0.0117931 0.00571823 0.00294781 0.00508499 0.00557423 
0.0108366 0.0141716 0.00545025 0.00798893 0.0100641 0.00829887 0.0073061 0.00557899 0.00268078 0.00466537 0.00533199 
0.0088644 0.00502872 0.007411 0.00678635 0.00655365 0.00456333 0.00358391 0.00196838 0.00340271 0.00431538 
0.00413799 0.00921154 0.0106153 0.00776386 0.00501347 0.00902081 0.00540066 0.00894547 0.00796223 
0.0219278 0.054388 0.0446968 0.0379086 0.00768757 0.00246334 0.00425816 0.00462914 
0.0298729 0.0766764 0.0376825 0.00919628 0.00290489 0.00604343 0.00645065 
0.0294971 0.0412083 0.0155334 0.00288677 0.00587654 0.00574875 
0.0208511 0.0162048 0.00704384 0.00509739 0.0040617 
0.00695515 0.00951195 0.00720692 0.00492382 
0.00343895 0.00783539 0.00544739 
0.00455856 0.00701046 
0.00516987 
0.00271225 0.0168867 0.00953007 0.00435162 0.00134277 0.0119228 0.0149183 0.0188971 0.0230198 0.0189323 0.0150766 0.0233564 0.0272331 
0.00206375 0.00182724 0.00989246 0.00148201 0.0104895 0.0158663 0.0235271 0.0176105 0.0135727 0.010335 0.0170164 0.018919 
0.00172901 0.00630951 0.000818253 0.0116997 0.0156012 0.0134888 0.0128498 0.0110435 0.00937557 0.0145435 0.0157661 
0.00149345 0.000649452 0.0065794 0.0111465 0.0101547 0.00993252 0.00973415 0.00845337 0.0126314 0.0136595 
0.000113487 0.000496864 0.000700951 0.00148773 0.00181198 0.000814438 0.00070858 0.000756264 0.000752449 
0.0014019 0.00662518 0.0103588 0.00482464 0.0144196 0.00957775 0.0160799 0.0210543 
0.00163174 0.00250721 0.0153065 0.0212879 0.010952 0.0186281 0.0251961 
0.00295544 0.010334 0.00702286 0.0151272 0.0200024 0.0259724 
0.00296402 0.00507736 0.00861359 0.0253954 0.0219717 
0.00211334 0.00707817 0.0226412 0.047822 
0.00194359 0.00737476 0.0133638 
0.00326252 0.029912 
0.00311661 
