5.72272 4.45588 4.47792 4.92316 5.57168 5.31533 5.49663 5.31963 4.60506 3.88442 3.90481 3.58554 3.52647 
5.8823 6.11575 4.86013 5.7171 5.3745 5.46535 5.11728 4.68999 4.00439 4.02478 3.70552 3.64645 
6.25236 5.40757 6.08677 5.11429 5.14311 5.08437 4.6566 4.00124 4.02163 3.70237 3.6433 
6.23206 6.67802 5.21564 5.00097 5.0643 4.66237 3.91352 3.93391 3.61464 3.55557 
8.28197 7.39439 7.12875 6.22881 5.90693 6.65514 6.67553 6.35626 6.2972 
7.67362 7.39726 6.90391 6.85385 4.47813 4.49852 4.17925 4.12019 
8.14851 9.23657 6.3162 4.6399 4.76834 4.44908 4.39001 
7.68071 6.79872 5.39624 4.66905 4.40959 4.35052 
6.88997 5.49007 4.75274 3.97119 3.94395 
5.4841 4.71958 3.63402 3.21769 
5.50017 4.21019 3.68017 
4.852 3.31236 
4.73189 
5.09126 3.89011 4.12805 5.1806 5.21743 3.58868 3.58772 3.55867 3.20285 3.18488 3.44691 3.17599 3.16095 
5.41549 6.56069 4.14359 5.20419 3.64461 3.62027 3.4303 3.44947 3.30593 3.56796 3.29704 3.282 
5.56875 4.4555 5.6821 3.53709 3.44969 3.63151 3.49364 3.36693 3.62896 3.35804 3.343 
5.39521 6.12062 3.5657 3.51574 3.63255 3.50281 3.35645 3.61847 3.34756 3.33252 
8.34724 6.22204 5.75489 5.25511 5.19785 6.36275 6.62477 6.35386 6.33881 
5.48646 4.56556 4.35004 4.9267 2.96077 3.2228 2.95189 2.93684 
5.66357 6.31768 3.77492 2.97538 3.29709 3.02618 3.01113 
5.21629 4.46098 3.62528 3.27085 3.05453 3.03948 
4.95397 4.00851 3.77992 2.87201 2.90496 
4.61631 4.2624 3.19677 2.68709 
5.12683 4.52144 3.73932 
4.58461 3.24508 
4.55843 
