8.61354 8.46229 8.90967 5.62002 4.58739 10.0994 13.4796 10.3298 7.88015 6.41477 6.53253 6.3871 6.37384 
10.0365 9.03877 10.3711 6.45014 13.8719 14.2945 13.1832 9.46733 7.40808 7.28087 7.09774 7.03791 
12.3231 13.8627 8.86911 14.0769 12.8923 11.0651 10.6117 7.89498 7.80358 7.6268 7.56978 
13.733 14.4021 16.976 12.9398 10.8833 9.39487 7.60703 7.50256 7.31124 7.26288 
15.5466 13.8022 11.6706 8.87052 7.65064 7.96261 8.42827 7.98119 7.50259 
23.7565 31.8609 29.7709 17.544 11.3564 10.1749 9.47928 9.42201 
31.7344 33.7524 28.6412 12.7188 11.1535 10.9896 10.9334 
30.5173 27.0214 14.6214 10.6242 10.0094 9.94777 
20.8009 14.4606 10.2613 8.34857 8.02484 
12.2996 11.7941 9.16004 7.50188 
10.1339 10.1699 8.65779 
8.8342 8.41988 
8.11954 
8.02583 9.0575 9.73311 6.04303 3.67356 8.40348 10.3356 8.12544 7.0942 6.45584 6.52456 6.32819 6.20361 
9.59466 8.4275 8.76953 4.13154 6.34188 6.16762 6.1404 5.60917 6.53622 6.797 6.62555 6.52366 
11.4361 10.8029 5.64892 7.43204 6.5016 5.85672 6.99514 7.04821 7.28681 7.11636 7.01486 
9.91998 8.40373 8.92933 6.82579 5.48569 5.30817 6.623 6.88329 6.69108 6.58331 
11.1128 7.47102 5.27272 4.36492 4.64403 6.28533 7.56832 6.9181 6.51587 
10.5058 12.8803 11.0602 7.5374 5.48873 5.39359 4.9173 4.82929 
12.8605 12.5497 10.3276 5.47592 5.35512 5.1769 5.12269 
11.5389 10.3828 6.79695 5.12593 4.68073 4.63793 
9.07183 8.15345 6.78155 4.67364 4.36522 
8.81089 10.1458 8.02453 5.73367 
9.87699 10.6059 8.96797 
8.57911 8.18397 
7.87418 
