0.0045361 0.012132 0.0120506 0.0120324 0.0120671 0.0120944 0.012055 0.0120608 0.0120445 0.0120382 0.012163 0.0120379 0.0120428 
0.0044746 0.0120984 0.0120934 0.0120571 0.0120466 0.0120905 0.0120732 0.0120943 0.012044 0.0120852 0.0120312 0.0120254 
0.0045491 0.0120908 0.0121083 0.012012 0.012145 0.0120249 0.012089 0.0120534 0.0120662 0.0120779 0.0120776 
0.0045434 0.0121331 0.0120946 0.012108 0.0120778 0.0120508 0.0120529 0.0120283 0.0120085 0.0120441 
0.0045572 0.0120693 0.0120275 0.0120734 0.0120622 0.0120325 0.0120951 0.0120947 0.0120455 
0.0045353 0.0120879 0.0121018 0.0120614 0.0120821 0.0120254 0.0120601 0.0120851 
0.0045069 0.0120771 0.0120277 0.0120228 0.012098 0.0120413 0.0120661 
0.004524 0.0120399 0.0120924 0.01202 0.012107 0.012078 
0.0045394 0.0120909 0.0120281 0.0120863 0.012022 
0.0045013 0.012084 0.012008 0.012087 
0.0045099 0.0120681 0.012054 
0.0045256 0.0120379 
0.0045554 
0.0045297 0.0120954 0.0121464 0.0120819 0.0120972 0.0121099 0.0121261 0.0120501 0.0120965 0.0120986 0.0120703 0.0120603 0.012096 
0.0045189 0.0120603 0.0120912 0.012054 0.0120213 0.0120789 0.0120816 0.0120762 0.0120476 0.0120316 0.0120521 0.0120431 
0.004515 0.0120304 0.0120369 0.0121094 0.0120232 0.0120223 0.0120381 0.0120572 0.0120831 0.0121128 0.0120429 
0.0045307 0.0120477 0.0120544 0.0121112 0.012067 0.0120388 0.0120663 0.0121063 0.0120418 0.0120213 
0.0045182 0.0120545 0.0120362 0.0121332 0.0121262 0.0120883 0.0120753 0.0120351 0.0120664 
0.0045095 0.0120546 0.01206 0.0120426 0.0120578 0.012134 0.0120249 0.0120721 
0.0045472 0.0120624 0.012051 0.0120336 0.0120737 0.0120308 0.0120909 
0.0045248 0.0120706 0.0120679 0.0120778 0.0120465 0.0120365 
0.0045207 0.0120984 0.0120676 0.0120525 0.0120253 
0.0045203 0.0120831 0.0120772 0.0121011 
0.0045231 0.0119724 0.0121035 
0.0045378 0.0120479 
0.0044945 
