5.38093 4.2843 4.4047 5.34445 5.56997 4.15776 4.04222 4.00811 3.92972 3.85244 4.08878 3.76574 3.66851 
5.67462 6.62713 4.66058 5.5958 4.26334 4.1719 4.11535 4.02086 3.96219 4.19854 3.87549 3.77826 
6.01882 5.29498 6.19322 4.22969 4.25166 4.17908 4.069 4.03319 4.26957 3.94648 3.84925 
5.99213 6.73977 4.77866 4.13232 4.18003 4.08689 4.02957 4.26592 3.9429 3.84564 
8.87013 6.81299 6.16433 5.58048 5.56772 6.93975 7.17606 6.85303 6.75583 
6.1589 5.32111 4.70088 5.54596 3.73691 3.97328 3.65024 3.553 
5.9966 6.6148 4.16215 3.6251 3.92322 3.60027 3.50301 
5.5156 4.69332 4.10166 3.83507 3.57394 3.47671 
5.42761 4.60804 4.28607 3.46369 3.42839 
5.37439 4.8064 3.92923 3.33547 
5.85003 4.77019 4.12665 
5.30233 3.84603 
5.11655 
5.38202 4.28354 4.40419 5.34452 5.56984 4.1576 4.04216 4.00816 3.92984 3.85312 4.08952 3.7661 3.6685 
5.67436 6.62645 4.65926 5.59475 4.26247 4.17096 4.11461 4.02043 3.96157 4.19798 3.87455 3.77693 
6.0169 5.29291 6.19146 4.22804 4.25 4.17777 4.0673 4.03212 4.26852 3.94506 3.84748 
5.99087 6.73781 4.77751 4.13129 4.17871 4.08595 4.02954 4.26595 3.9425 3.84491 
8.86872 6.8119 6.16276 5.57944 5.56731 6.93912 7.17558 6.85207 6.75449 
6.15746 5.31992 4.70065 5.54527 3.73646 3.97288 3.64939 3.55184 
5.99604 6.61399 4.16145 3.62465 3.92298 3.59947 3.5019 
5.5148 4.69331 4.10135 3.83486 3.57333 3.47578 
5.42695 4.60792 4.28641 3.46311 3.42753 
5.37459 4.80635 3.92898 3.33506 
5.85017 4.77022 4.12604 
5.30166 3.84529 
5.11517 
